500 2 120
3 2 1 1246 19844
2 2 1478 2
1 1 2031
3 1 2 533 10476
1 2 2740
3 1 2 310 8272
2 2 85 1
2 2 1886 2
2 2 122 1
1 2 814
2 2 1340 2
2 2 360 2
1 2 2122
2 2 1460 1
1 2 2888
1 2 1948
1 2 1927
1 2 1425
2 2 559 1
1 2 23
3 2 1 918 15016
1 2 1269
2 1 1500 1
3 2 1 2908 1224
1 2 2611
3 2 1 3408 12788
2 1 660 1
2 2 3475 1
2 1 3195 1
1 1 2508
2 1 280 2
1 1 1557
2 2 1902 1
3 1 2 2997 9608
3 2 1 1164 15480
1 1 2147
1 1 2536
1 2 2278
2 2 2442 2
1 1 2823
3 1 2 1246 2004
2 1 3423 1
3 1 2 83 6432
3 2 1 1424 3940
2 1 2126 2
1 1 3004
2 1 3309 2
3 1 2 2652 18716
2 1 2786 1
2 1 2076 1
1 2 1366
1 2 2162
1 1 2534
2 2 2990 2
3 2 1 1487 18892
1 2 925
1 1 178
2 1 1634 1
1 1 1633
1 1 1119
3 2 1 2691 6664
1 1 619
3 1 2 814 2056
3 2 1 2486 9096
1 1 2098
2 2 2722 1
3 1 2 818 13316
1 1 958
3 1 2 246 15272
1 1 539
1 1 2720
2 2 246 2
3 2 1 2041 1940
3 2 1 974 17764
2 2 2025 2
3 1 2 1794 7592
2 1 2051 2
3 1 2 2819 15388
2 1 1000 2
3 1 2 2284 15184
3 1 2 2814 17440
3 1 2 3176 10948
3 2 1 2742 16096
2 1 3153 1
1 2 2476
1 2 2666
2 1 3129 1
3 2 1 3247 13624
3 1 2 825 4568
2 1 1802 2
3 2 1 1481 19216
1 1 37
3 1 2 2000 1568
1 2 2046
3 1 2 3159 7060
1 2 2672
1 2 3190
1 1 3122
1 2 3411
2 2 1267 1
2 1 2136 1
2 2 506 1
3 1 2 2845 11536
2 2 3417 2
1 1 3130
1 1 1959
1 2 543
2 1 2815 2
2 2 1491 1
2 1 1185 1
3 1 2 3142 9764
1 1 1125
2 2 1002 1
3 1 2 2110 17620
1 1 3445
2 2 2843 1
2 1 540 2
3 1 2 1815 432
1 1 96
3 2 1 518 3784